offseted    95       0
       0.000       0.000       0.000
      1 0 1 0 1.000000e+00 0.000000e+00 6.123234e-17 -0.000000e+00 1.000000e+00 -0.000000e+00 -6.123234e-17 0.000000e+00 1.000000e+00 -9.5 0 3.6739404e-16 1 1 1
      2 0 1 0 9.848078e-01 0.000000e+00 1.736482e-01 -0.000000e+00 1.000000e+00 -0.000000e+00 -1.736482e-01 0.000000e+00 9.848078e-01 -9.40884652 0 1.04188907 1 1 1
      3 0 1 0 9.396926e-01 0.000000e+00 3.420201e-01 -0.000000e+00 1.000000e+00 -0.000000e+00 -3.420201e-01 0.000000e+00 9.396926e-01 -9.13815572 0 2.05212086 1 1 1
      4 0 1 0 8.660254e-01 0.000000e+00 5.000000e-01 -0.000000e+00 1.000000e+00 -0.000000e+00 -5.000000e-01 0.000000e+00 8.660254e-01 -8.69615242 0 3 1 1 1
      5 0 1 0 7.660444e-01 0.000000e+00 6.427876e-01 -0.000000e+00 1.000000e+00 -0.000000e+00 -6.427876e-01 0.000000e+00 7.660444e-01 -8.09626666 0 3.85672566 1 1 1
      6 0 1 0 6.427876e-01 0.000000e+00 7.660444e-01 -0.000000e+00 1.000000e+00 -0.000000e+00 -7.660444e-01 0.000000e+00 6.427876e-01 -7.35672566 0 4.59626666 1 1 1
      7 0 1 0 5.000000e-01 0.000000e+00 8.660254e-01 -0.000000e+00 1.000000e+00 -0.000000e+00 -8.660254e-01 0.000000e+00 5.000000e-01 -6.5 0 5.19615242 1 1 1
      8 0 1 0 3.420201e-01 0.000000e+00 9.396926e-01 -0.000000e+00 1.000000e+00 -0.000000e+00 -9.396926e-01 0.000000e+00 3.420201e-01 -5.55212086 0 5.63815572 1 1 1
      9 0 1 0 1.736482e-01 0.000000e+00 9.848078e-01 -0.000000e+00 1.000000e+00 -0.000000e+00 -9.848078e-01 0.000000e+00 1.736482e-01 -4.54188907 0 5.90884652 1 1 1
      10 0 1 0 -0.000000e+00 0.000000e+00 1.000000e+00 -0.000000e+00 1.000000e+00 0.000000e+00 -1.000000e+00 0.000000e+00 0.000000e+00 -3.5 0 6 1 1 1
      11 0 1 0 -1.736482e-01 0.000000e+00 9.848078e-01 -0.000000e+00 1.000000e+00 0.000000e+00 -9.848078e-01 0.000000e+00 -1.736482e-01 -2.45811093 0 5.90884652 1 1 1
      12 0 1 0 -3.420201e-01 0.000000e+00 9.396926e-01 -0.000000e+00 1.000000e+00 0.000000e+00 -9.396926e-01 0.000000e+00 -3.420201e-01 -1.44787914 0 5.63815572 1 1 1
      13 0 1 0 -5.000000e-01 0.000000e+00 8.660254e-01 -0.000000e+00 1.000000e+00 0.000000e+00 -8.660254e-01 0.000000e+00 -5.000000e-01 -0.5 0 5.19615242 1 1 1
      14 0 1 0 -6.427876e-01 0.000000e+00 7.660444e-01 -0.000000e+00 1.000000e+00 0.000000e+00 -7.660444e-01 0.000000e+00 -6.427876e-01 0.356725658 0 4.59626666 1 1 1
      15 0 1 0 -7.660444e-01 0.000000e+00 6.427876e-01 -0.000000e+00 1.000000e+00 0.000000e+00 -6.427876e-01 0.000000e+00 -7.660444e-01 1.09626666 0 3.85672566 1 1 1
      16 0 1 0 -8.660254e-01 0.000000e+00 5.000000e-01 -0.000000e+00 1.000000e+00 0.000000e+00 -5.000000e-01 0.000000e+00 -8.660254e-01 1.69615242 0 3 1 1 1
      17 0 1 0 -9.396926e-01 0.000000e+00 3.420201e-01 -0.000000e+00 1.000000e+00 0.000000e+00 -3.420201e-01 0.000000e+00 -9.396926e-01 2.13815572 0 2.05212086 1 1 1
      18 0 1 0 -9.848078e-01 0.000000e+00 1.736482e-01 -0.000000e+00 1.000000e+00 0.000000e+00 -1.736482e-01 0.000000e+00 -9.848078e-01 2.40884652 0 1.04188907 1 1 1
      19 0 1 0 -1.000000e+00 0.000000e+00 6.123234e-17 -0.000000e+00 1.000000e+00 0.000000e+00 -6.123234e-17 0.000000e+00 -1.000000e+00 2.5 0 3.6739404e-16 1 1 1
      20 0 1 0 1.000000e+00 0.000000e+00 6.123234e-17 -0.000000e+00 1.000000e+00 -0.000000e+00 -6.123234e-17 0.000000e+00 1.000000e+00 -11.5 0 4.8985872e-16 1 1 1
      21 0 1 0 9.848078e-01 0.000000e+00 1.736482e-01 -0.000000e+00 1.000000e+00 -0.000000e+00 -1.736482e-01 0.000000e+00 9.848078e-01 -11.378462 0 1.38918542 1 1 1
      22 0 1 0 9.396926e-01 0.000000e+00 3.420201e-01 -0.000000e+00 1.000000e+00 -0.000000e+00 -3.420201e-01 0.000000e+00 9.396926e-01 -11.017541 0 2.73616115 1 1 1
      23 0 1 0 8.660254e-01 0.000000e+00 5.000000e-01 -0.000000e+00 1.000000e+00 -0.000000e+00 -5.000000e-01 0.000000e+00 8.660254e-01 -10.4282032 0 4 1 1 1
      24 0 1 0 7.660444e-01 0.000000e+00 6.427876e-01 -0.000000e+00 1.000000e+00 -0.000000e+00 -6.427876e-01 0.000000e+00 7.660444e-01 -9.62835554 0 5.14230088 1 1 1
      25 0 1 0 6.427876e-01 0.000000e+00 7.660444e-01 -0.000000e+00 1.000000e+00 -0.000000e+00 -7.660444e-01 0.000000e+00 6.427876e-01 -8.64230088 0 6.12835554 1 1 1
      26 0 1 0 5.000000e-01 0.000000e+00 8.660254e-01 -0.000000e+00 1.000000e+00 -0.000000e+00 -8.660254e-01 0.000000e+00 5.000000e-01 -7.5 0 6.92820323 1 1 1
      27 0 1 0 3.420201e-01 0.000000e+00 9.396926e-01 -0.000000e+00 1.000000e+00 -0.000000e+00 -9.396926e-01 0.000000e+00 3.420201e-01 -6.23616115 0 7.51754097 1 1 1
      28 0 1 0 1.736482e-01 0.000000e+00 9.848078e-01 -0.000000e+00 1.000000e+00 -0.000000e+00 -9.848078e-01 0.000000e+00 1.736482e-01 -4.88918542 0 7.87846202 1 1 1
      29 0 1 0 -0.000000e+00 0.000000e+00 1.000000e+00 -0.000000e+00 1.000000e+00 0.000000e+00 -1.000000e+00 0.000000e+00 0.000000e+00 -3.5 0 8 1 1 1
      30 0 1 0 -1.736482e-01 0.000000e+00 9.848078e-01 -0.000000e+00 1.000000e+00 0.000000e+00 -9.848078e-01 0.000000e+00 -1.736482e-01 -2.11081458 0 7.87846202 1 1 1
      31 0 1 0 -3.420201e-01 0.000000e+00 9.396926e-01 -0.000000e+00 1.000000e+00 0.000000e+00 -9.396926e-01 0.000000e+00 -3.420201e-01 -0.763838853 0 7.51754097 1 1 1
      32 0 1 0 -5.000000e-01 0.000000e+00 8.660254e-01 -0.000000e+00 1.000000e+00 0.000000e+00 -8.660254e-01 0.000000e+00 -5.000000e-01 0.5 0 6.92820323 1 1 1
      33 0 1 0 -6.427876e-01 0.000000e+00 7.660444e-01 -0.000000e+00 1.000000e+00 0.000000e+00 -7.660444e-01 0.000000e+00 -6.427876e-01 1.64230088 0 6.12835554 1 1 1
      34 0 1 0 -7.660444e-01 0.000000e+00 6.427876e-01 -0.000000e+00 1.000000e+00 0.000000e+00 -6.427876e-01 0.000000e+00 -7.660444e-01 2.62835554 0 5.14230088 1 1 1
      35 0 1 0 -8.660254e-01 0.000000e+00 5.000000e-01 -0.000000e+00 1.000000e+00 0.000000e+00 -5.000000e-01 0.000000e+00 -8.660254e-01 3.42820323 0 4 1 1 1
      36 0 1 0 -9.396926e-01 0.000000e+00 3.420201e-01 -0.000000e+00 1.000000e+00 0.000000e+00 -3.420201e-01 0.000000e+00 -9.396926e-01 4.01754097 0 2.73616115 1 1 1
      37 0 1 0 -9.848078e-01 0.000000e+00 1.736482e-01 -0.000000e+00 1.000000e+00 0.000000e+00 -1.736482e-01 0.000000e+00 -9.848078e-01 4.37846202 0 1.38918542 1 1 1
      38 0 1 0 -1.000000e+00 0.000000e+00 6.123234e-17 -0.000000e+00 1.000000e+00 0.000000e+00 -6.123234e-17 0.000000e+00 -1.000000e+00 4.5 0 4.8985872e-16 1 1 1
      39 0 1 0 1.000000e+00 0.000000e+00 6.123234e-17 -0.000000e+00 1.000000e+00 -0.000000e+00 -6.123234e-17 0.000000e+00 1.000000e+00 -13.5 0 6.123234e-16 1 1 1
      40 0 1 0 9.848078e-01 0.000000e+00 1.736482e-01 -0.000000e+00 1.000000e+00 -0.000000e+00 -1.736482e-01 0.000000e+00 9.848078e-01 -13.3480775 0 1.73648178 1 1 1
      41 0 1 0 9.396926e-01 0.000000e+00 3.420201e-01 -0.000000e+00 1.000000e+00 -0.000000e+00 -3.420201e-01 0.000000e+00 9.396926e-01 -12.8969262 0 3.42020143 1 1 1
      42 0 1 0 8.660254e-01 0.000000e+00 5.000000e-01 -0.000000e+00 1.000000e+00 -0.000000e+00 -5.000000e-01 0.000000e+00 8.660254e-01 -12.160254 0 5 1 1 1
      43 0 1 0 7.660444e-01 0.000000e+00 6.427876e-01 -0.000000e+00 1.000000e+00 -0.000000e+00 -6.427876e-01 0.000000e+00 7.660444e-01 -11.1604444 0 6.4278761 1 1 1
      44 0 1 0 6.427876e-01 0.000000e+00 7.660444e-01 -0.000000e+00 1.000000e+00 -0.000000e+00 -7.660444e-01 0.000000e+00 6.427876e-01 -9.9278761 0 7.66044443 1 1 1
      45 0 1 0 5.000000e-01 0.000000e+00 8.660254e-01 -0.000000e+00 1.000000e+00 -0.000000e+00 -8.660254e-01 0.000000e+00 5.000000e-01 -8.5 0 8.66025404 1 1 1
      46 0 1 0 3.420201e-01 0.000000e+00 9.396926e-01 -0.000000e+00 1.000000e+00 -0.000000e+00 -9.396926e-01 0.000000e+00 3.420201e-01 -6.92020143 0 9.39692621 1 1 1
      47 0 1 0 1.736482e-01 0.000000e+00 9.848078e-01 -0.000000e+00 1.000000e+00 -0.000000e+00 -9.848078e-01 0.000000e+00 1.736482e-01 -5.23648178 0 9.84807753 1 1 1
      48 0 1 0 -0.000000e+00 0.000000e+00 1.000000e+00 -0.000000e+00 1.000000e+00 0.000000e+00 -1.000000e+00 0.000000e+00 0.000000e+00 -3.5 0 10 1 1 1
      49 0 1 0 -1.736482e-01 0.000000e+00 9.848078e-01 -0.000000e+00 1.000000e+00 0.000000e+00 -9.848078e-01 0.000000e+00 -1.736482e-01 -1.76351822 0 9.84807753 1 1 1
      50 0 1 0 -3.420201e-01 0.000000e+00 9.396926e-01 -0.000000e+00 1.000000e+00 0.000000e+00 -9.396926e-01 0.000000e+00 -3.420201e-01 -0.0797985667 0 9.39692621 1 1 1
      51 0 1 0 -5.000000e-01 0.000000e+00 8.660254e-01 -0.000000e+00 1.000000e+00 0.000000e+00 -8.660254e-01 0.000000e+00 -5.000000e-01 1.5 0 8.66025404 1 1 1
      52 0 1 0 -6.427876e-01 0.000000e+00 7.660444e-01 -0.000000e+00 1.000000e+00 0.000000e+00 -7.660444e-01 0.000000e+00 -6.427876e-01 2.9278761 0 7.66044443 1 1 1
      53 0 1 0 -7.660444e-01 0.000000e+00 6.427876e-01 -0.000000e+00 1.000000e+00 0.000000e+00 -6.427876e-01 0.000000e+00 -7.660444e-01 4.16044443 0 6.4278761 1 1 1
      54 0 1 0 -8.660254e-01 0.000000e+00 5.000000e-01 -0.000000e+00 1.000000e+00 0.000000e+00 -5.000000e-01 0.000000e+00 -8.660254e-01 5.16025404 0 5 1 1 1
      55 0 1 0 -9.396926e-01 0.000000e+00 3.420201e-01 -0.000000e+00 1.000000e+00 0.000000e+00 -3.420201e-01 0.000000e+00 -9.396926e-01 5.89692621 0 3.42020143 1 1 1
      56 0 1 0 -9.848078e-01 0.000000e+00 1.736482e-01 -0.000000e+00 1.000000e+00 0.000000e+00 -1.736482e-01 0.000000e+00 -9.848078e-01 6.34807753 0 1.73648178 1 1 1
      57 0 1 0 -1.000000e+00 0.000000e+00 6.123234e-17 -0.000000e+00 1.000000e+00 0.000000e+00 -6.123234e-17 0.000000e+00 -1.000000e+00 6.5 0 6.123234e-16 1 1 1
      58 0 1 0 1.000000e+00 0.000000e+00 6.123234e-17 -0.000000e+00 1.000000e+00 -0.000000e+00 -6.123234e-17 0.000000e+00 1.000000e+00 -15.5 0 7.34788079e-16 1 1 1
      59 0 1 0 9.848078e-01 0.000000e+00 1.736482e-01 -0.000000e+00 1.000000e+00 -0.000000e+00 -1.736482e-01 0.000000e+00 9.848078e-01 -15.317693 0 2.08377813 1 1 1
      60 0 1 0 9.396926e-01 0.000000e+00 3.420201e-01 -0.000000e+00 1.000000e+00 -0.000000e+00 -3.420201e-01 0.000000e+00 9.396926e-01 -14.7763114 0 4.10424172 1 1 1
      61 0 1 0 8.660254e-01 0.000000e+00 5.000000e-01 -0.000000e+00 1.000000e+00 -0.000000e+00 -5.000000e-01 0.000000e+00 8.660254e-01 -13.8923048 0 6 1 1 1
      62 0 1 0 7.660444e-01 0.000000e+00 6.427876e-01 -0.000000e+00 1.000000e+00 -0.000000e+00 -6.427876e-01 0.000000e+00 7.660444e-01 -12.6925333 0 7.71345132 1 1 1
      63 0 1 0 6.427876e-01 0.000000e+00 7.660444e-01 -0.000000e+00 1.000000e+00 -0.000000e+00 -7.660444e-01 0.000000e+00 6.427876e-01 -11.2134513 0 9.19253332 1 1 1
      64 0 1 0 5.000000e-01 0.000000e+00 8.660254e-01 -0.000000e+00 1.000000e+00 -0.000000e+00 -8.660254e-01 0.000000e+00 5.000000e-01 -9.5 0 10.3923048 1 1 1
      65 0 1 0 3.420201e-01 0.000000e+00 9.396926e-01 -0.000000e+00 1.000000e+00 -0.000000e+00 -9.396926e-01 0.000000e+00 3.420201e-01 -7.60424172 0 11.2763114 1 1 1
      66 0 1 0 1.736482e-01 0.000000e+00 9.848078e-01 -0.000000e+00 1.000000e+00 -0.000000e+00 -9.848078e-01 0.000000e+00 1.736482e-01 -5.58377813 0 11.817693 1 1 1
      67 0 1 0 -0.000000e+00 0.000000e+00 1.000000e+00 -0.000000e+00 1.000000e+00 0.000000e+00 -1.000000e+00 0.000000e+00 0.000000e+00 -3.5 0 12 1 1 1
      68 0 1 0 -1.736482e-01 0.000000e+00 9.848078e-01 -0.000000e+00 1.000000e+00 0.000000e+00 -9.848078e-01 0.000000e+00 -1.736482e-01 -1.41622187 0 11.817693 1 1 1
      69 0 1 0 -3.420201e-01 0.000000e+00 9.396926e-01 -0.000000e+00 1.000000e+00 0.000000e+00 -9.396926e-01 0.000000e+00 -3.420201e-01 0.60424172 0 11.2763114 1 1 1
      70 0 1 0 -5.000000e-01 0.000000e+00 8.660254e-01 -0.000000e+00 1.000000e+00 0.000000e+00 -8.660254e-01 0.000000e+00 -5.000000e-01 2.5 0 10.3923048 1 1 1
      71 0 1 0 -6.427876e-01 0.000000e+00 7.660444e-01 -0.000000e+00 1.000000e+00 0.000000e+00 -7.660444e-01 0.000000e+00 -6.427876e-01 4.21345132 0 9.19253332 1 1 1
      72 0 1 0 -7.660444e-01 0.000000e+00 6.427876e-01 -0.000000e+00 1.000000e+00 0.000000e+00 -6.427876e-01 0.000000e+00 -7.660444e-01 5.69253332 0 7.71345132 1 1 1
      73 0 1 0 -8.660254e-01 0.000000e+00 5.000000e-01 -0.000000e+00 1.000000e+00 0.000000e+00 -5.000000e-01 0.000000e+00 -8.660254e-01 6.89230485 0 6 1 1 1
      74 0 1 0 -9.396926e-01 0.000000e+00 3.420201e-01 -0.000000e+00 1.000000e+00 0.000000e+00 -3.420201e-01 0.000000e+00 -9.396926e-01 7.77631145 0 4.10424172 1 1 1
      75 0 1 0 -9.848078e-01 0.000000e+00 1.736482e-01 -0.000000e+00 1.000000e+00 0.000000e+00 -1.736482e-01 0.000000e+00 -9.848078e-01 8.31769304 0 2.08377813 1 1 1
      76 0 1 0 -1.000000e+00 0.000000e+00 6.123234e-17 -0.000000e+00 1.000000e+00 0.000000e+00 -6.123234e-17 0.000000e+00 -1.000000e+00 8.5 0 7.34788079e-16 1 1 1
      77 0 1 0 1.000000e+00 0.000000e+00 6.123234e-17 -0.000000e+00 1.000000e+00 -0.000000e+00 -6.123234e-17 0.000000e+00 1.000000e+00 -17.5 0 8.57252759e-16 1 1 1
      78 0 1 0 9.848078e-01 0.000000e+00 1.736482e-01 -0.000000e+00 1.000000e+00 -0.000000e+00 -1.736482e-01 0.000000e+00 9.848078e-01 -17.2873085 0 2.43107449 1 1 1
      79 0 1 0 9.396926e-01 0.000000e+00 3.420201e-01 -0.000000e+00 1.000000e+00 -0.000000e+00 -3.420201e-01 0.000000e+00 9.396926e-01 -16.6556967 0 4.78828201 1 1 1
      80 0 1 0 8.660254e-01 0.000000e+00 5.000000e-01 -0.000000e+00 1.000000e+00 -0.000000e+00 -5.000000e-01 0.000000e+00 8.660254e-01 -15.6243557 0 7 1 1 1
      81 0 1 0 7.660444e-01 0.000000e+00 6.427876e-01 -0.000000e+00 1.000000e+00 -0.000000e+00 -6.427876e-01 0.000000e+00 7.660444e-01 -14.2246222 0 8.99902654 1 1 1
      82 0 1 0 6.427876e-01 0.000000e+00 7.660444e-01 -0.000000e+00 1.000000e+00 -0.000000e+00 -7.660444e-01 0.000000e+00 6.427876e-01 -12.4990265 0 10.7246222 1 1 1
      83 0 1 0 5.000000e-01 0.000000e+00 8.660254e-01 -0.000000e+00 1.000000e+00 -0.000000e+00 -8.660254e-01 0.000000e+00 5.000000e-01 -10.5 0 12.1243557 1 1 1
      84 0 1 0 3.420201e-01 0.000000e+00 9.396926e-01 -0.000000e+00 1.000000e+00 -0.000000e+00 -9.396926e-01 0.000000e+00 3.420201e-01 -8.28828201 0 13.1556967 1 1 1
      85 0 1 0 1.736482e-01 0.000000e+00 9.848078e-01 -0.000000e+00 1.000000e+00 -0.000000e+00 -9.848078e-01 0.000000e+00 1.736482e-01 -5.93107449 0 13.7873085 1 1 1
      86 0 1 0 -0.000000e+00 0.000000e+00 1.000000e+00 -0.000000e+00 1.000000e+00 0.000000e+00 -1.000000e+00 0.000000e+00 0.000000e+00 -3.5 0 14 1 1 1
      87 0 1 0 -1.736482e-01 0.000000e+00 9.848078e-01 -0.000000e+00 1.000000e+00 0.000000e+00 -9.848078e-01 0.000000e+00 -1.736482e-01 -1.06892551 0 13.7873085 1 1 1
      88 0 1 0 -3.420201e-01 0.000000e+00 9.396926e-01 -0.000000e+00 1.000000e+00 0.000000e+00 -9.396926e-01 0.000000e+00 -3.420201e-01 1.28828201 0 13.1556967 1 1 1
      89 0 1 0 -5.000000e-01 0.000000e+00 8.660254e-01 -0.000000e+00 1.000000e+00 0.000000e+00 -8.660254e-01 0.000000e+00 -5.000000e-01 3.5 0 12.1243557 1 1 1
      90 0 1 0 -6.427876e-01 0.000000e+00 7.660444e-01 -0.000000e+00 1.000000e+00 0.000000e+00 -7.660444e-01 0.000000e+00 -6.427876e-01 5.49902654 0 10.7246222 1 1 1
      91 0 1 0 -7.660444e-01 0.000000e+00 6.427876e-01 -0.000000e+00 1.000000e+00 0.000000e+00 -6.427876e-01 0.000000e+00 -7.660444e-01 7.2246222 0 8.99902654 1 1 1
      92 0 1 0 -8.660254e-01 0.000000e+00 5.000000e-01 -0.000000e+00 1.000000e+00 0.000000e+00 -5.000000e-01 0.000000e+00 -8.660254e-01 8.62435565 0 7 1 1 1
      93 0 1 0 -9.396926e-01 0.000000e+00 3.420201e-01 -0.000000e+00 1.000000e+00 0.000000e+00 -3.420201e-01 0.000000e+00 -9.396926e-01 9.65569669 0 4.78828201 1 1 1
      94 0 1 0 -9.848078e-01 0.000000e+00 1.736482e-01 -0.000000e+00 1.000000e+00 0.000000e+00 -1.736482e-01 0.000000e+00 -9.848078e-01 10.2873085 0 2.43107449 1 1 1
      95 0 1 0 -1.000000e+00 0.000000e+00 6.123234e-17 -0.000000e+00 1.000000e+00 0.000000e+00 -6.123234e-17 0.000000e+00 -1.000000e+00 10.5 0 8.57252759e-16 1 1 1
